source name	characteristics[organism]	characteristics[organism part]	characteristics[cell type]	characteristics[cell line]	characteristics[developmental stage]	characteristics[disease]	characteristics[ancestry category]	characteristics[sex]	characteristics[age]	characteristics[biological replicate]	Material Type	assay name	Technology Type	comment[data file]	comment[file uri]	comment[technical replicate]	comment[fraction identifier]	comment[label]	comment[cleavage agent details]	comment[instrument]	comment[modification parameters]	comment[modification parameters]	comment[dissociation method]	comment[precursor mass tolerance]	comment[fragment mass tolerance]	factor value[organism part]
Sample 1	Homo sapiens	frontal cortex	not applicable	not applicable	adult	none	not available	not available	not available	1	tissue	run 1	proteomic profiling by mass spectrometry	S1_Frontal_1.raw	ftp://ftp.pride.ebi.ac.uk/pride/data/archive/2020/10/PXD020192/S1_Frontal_1.raw	1	1	AC=MS:1002038;NT=label free sample	NT=Trypsin; AC=MS:1001251	NT=Q Exactive HF-X;AC=MS:1002877	NT=Carbamidomethyl;TA=C;MT=fixed;AC=UNIMOD:4	NT=Oxidation;MT=variable;TA=M;AC=UNIMOD:35	AC=MS:1000422;NT=HCD	7 ppm	0.02 Da	frontal
Sample 2	Homo sapiens	frontal cortex	not applicable	not applicable	adult	none	not available	not available	not available	2	tissue	run 2	proteomic profiling by mass spectrometry	S2_Frontal_2.raw	ftp://ftp.pride.ebi.ac.uk/pride/data/archive/2020/10/PXD020192/S2_Frontal_2.raw	1	1	AC=MS:1002038;NT=label free sample	NT=Trypsin; AC=MS:1001251	NT=Q Exactive HF-X;AC=MS:1002877	NT=Carbamidomethyl;TA=C;MT=fixed;AC=UNIMOD:4	NT=Oxidation;MT=variable;TA=M;AC=UNIMOD:35	AC=MS:1000422;NT=HCD	7 ppm	0.02 Da	frontal
Sample 3	Homo sapiens	parietal	not applicable	not applicable	adult	none	not available	not available	not available	1	tissue	run 3	proteomic profiling by mass spectrometry	S3_Parietal_1.raw	ftp://ftp.pride.ebi.ac.uk/pride/data/archive/2020/10/PXD020192/S3_Parietal_1.raw	1	1	AC=MS:1002038;NT=label free sample	NT=Trypsin; AC=MS:1001251	NT=Q Exactive HF-X;AC=MS:1002877	NT=Carbamidomethyl;TA=C;MT=fixed;AC=UNIMOD:4	NT=Oxidation;MT=variable;TA=M;AC=UNIMOD:35	AC=MS:1000422;NT=HCD	7 ppm	0.02 Da	parietal
Sample 4	Homo sapiens	parietal	not applicable	not applicable	adult	none	not available	not available	not available	2	tissue	run 4	proteomic profiling by mass spectrometry	S4_Parietal_2.raw	ftp://ftp.pride.ebi.ac.uk/pride/data/archive/2020/10/PXD020192/S4_Parietal_2.raw	1	1	AC=MS:1002038;NT=label free sample	NT=Trypsin; AC=MS:1001251	NT=Q Exactive HF-X;AC=MS:1002877	NT=Carbamidomethyl;TA=C;MT=fixed;AC=UNIMOD:4	NT=Oxidation;MT=variable;TA=M;AC=UNIMOD:35	AC=MS:1000422;NT=HCD	7 ppm	0.02 Da	parietal
Sample 5	Homo sapiens	temporal lobe	not applicable	not applicable	adult	none	not available	not available	not available	1	tissue	run 5	proteomic profiling by mass spectrometry	S5_Temporal_1.raw	ftp://ftp.pride.ebi.ac.uk/pride/data/archive/2020/10/PXD020192/S5_Temporal_1.raw	1	1	AC=MS:1002038;NT=label free sample	NT=Trypsin; AC=MS:1001251	NT=Q Exactive HF-X;AC=MS:1002877	NT=Carbamidomethyl;TA=C;MT=fixed;AC=UNIMOD:4	NT=Oxidation;MT=variable;TA=M;AC=UNIMOD:35	AC=MS:1000422;NT=HCD	7 ppm	0.02 Da	temporal
Sample 6	Homo sapiens	temporal lobe	not applicable	not applicable	adult	none	not available	not available	not available	2	tissue	run 6	proteomic profiling by mass spectrometry	S6_Temporal_2.raw	ftp://ftp.pride.ebi.ac.uk/pride/data/archive/2020/10/PXD020192/S6_Temporal_2.raw	1	1	AC=MS:1002038;NT=label free sample	NT=Trypsin; AC=MS:1001251	NT=Q Exactive HF-X;AC=MS:1002877	NT=Carbamidomethyl;TA=C;MT=fixed;AC=UNIMOD:4	NT=Oxidation;MT=variable;TA=M;AC=UNIMOD:35	AC=MS:1000422;NT=HCD	7 ppm	0.02 Da	temporal
Sample 7	Homo sapiens	occipital cortex	not applicable	not applicable	adult	none	not available	not available	not available	1	tissue	run 7	proteomic profiling by mass spectrometry	S7_Occipital_1.raw	ftp://ftp.pride.ebi.ac.uk/pride/data/archive/2020/10/PXD020192/S7_Occipital_1.raw	1	1	AC=MS:1002038;NT=label free sample	NT=Trypsin; AC=MS:1001251	NT=Q Exactive HF-X;AC=MS:1002877	NT=Carbamidomethyl;TA=C;MT=fixed;AC=UNIMOD:4	NT=Oxidation;MT=variable;TA=M;AC=UNIMOD:35	AC=MS:1000422;NT=HCD	7 ppm	0.02 Da	occipital
Sample 8	Homo sapiens	occipital cortex	not applicable	not applicable	adult	none	not available	not available	not available	2	tissue	run 8	proteomic profiling by mass spectrometry	S8_Occipital_2.raw	ftp://ftp.pride.ebi.ac.uk/pride/data/archive/2020/10/PXD020192/S8_Occipital_2.raw	1	1	AC=MS:1002038;NT=label free sample	NT=Trypsin; AC=MS:1001251	NT=Q Exactive HF-X;AC=MS:1002877	NT=Carbamidomethyl;TA=C;MT=fixed;AC=UNIMOD:4	NT=Oxidation;MT=variable;TA=M;AC=UNIMOD:35	AC=MS:1000422;NT=HCD	7 ppm	0.02 Da	occipital
Sample 9	Homo sapiens	cerebellum	not applicable	not applicable	adult	none	not available	not available	not available	1	tissue	run 9	proteomic profiling by mass spectrometry	S9_Cerebellum_1.raw	ftp://ftp.pride.ebi.ac.uk/pride/data/archive/2020/10/PXD020192/S9_Cerebellum_1.raw	1	1	AC=MS:1002038;NT=label free sample	NT=Trypsin; AC=MS:1001251	NT=Q Exactive HF-X;AC=MS:1002877	NT=Carbamidomethyl;TA=C;MT=fixed;AC=UNIMOD:4	NT=Oxidation;MT=variable;TA=M;AC=UNIMOD:35	AC=MS:1000422;NT=HCD	7 ppm	0.02 Da	cerebellum
Sample 10	Homo sapiens	cerebellum	not applicable	not applicable	adult	none	not available	not available	not available	2	tissue	run 10	proteomic profiling by mass spectrometry	S10_Cerebellum_2.raw	ftp://ftp.pride.ebi.ac.uk/pride/data/archive/2020/10/PXD020192/S10_Cerebellum_2.raw	1	1	AC=MS:1002038;NT=label free sample	NT=Trypsin; AC=MS:1001251	NT=Q Exactive HF-X;AC=MS:1002877	NT=Carbamidomethyl;TA=C;MT=fixed;AC=UNIMOD:4	NT=Oxidation;MT=variable;TA=M;AC=UNIMOD:35	AC=MS:1000422;NT=HCD	7 ppm	0.02 Da	cerebellum
Sample 11	Homo sapiens	spinal cord	not applicable	not applicable	adult	none	not available	not available	not available	1	tissue	run 11	proteomic profiling by mass spectrometry	S11_SpinalCord_1.raw	ftp://ftp.pride.ebi.ac.uk/pride/data/archive/2020/10/PXD020192/S11_SpinalCord_1.raw	1	1	AC=MS:1002038;NT=label free sample	NT=Trypsin; AC=MS:1001251	NT=Q Exactive HF-X;AC=MS:1002877	NT=Carbamidomethyl;TA=C;MT=fixed;AC=UNIMOD:4	NT=Oxidation;MT=variable;TA=M;AC=UNIMOD:35	AC=MS:1000422;NT=HCD	7 ppm	0.02 Da	spinalcord
Sample 12	Homo sapiens	spinal cord	not applicable	not applicable	adult	none	not available	not available	not available	2	tissue	run 12	proteomic profiling by mass spectrometry	S12_SpinalCord_2.raw	ftp://ftp.pride.ebi.ac.uk/pride/data/archive/2020/10/PXD020192/S12_SpinalCord_2.raw	1	1	AC=MS:1002038;NT=label free sample	NT=Trypsin; AC=MS:1001251	NT=Q Exactive HF-X;AC=MS:1002877	NT=Carbamidomethyl;TA=C;MT=fixed;AC=UNIMOD:4	NT=Oxidation;MT=variable;TA=M;AC=UNIMOD:35	AC=MS:1000422;NT=HCD	7 ppm	0.02 Da	spinalcord
Sample 13	Homo sapiens	brain	not applicable	not applicable	adult	none	not available	not available	not available	1	tissue	run 13	proteomic profiling by mass spectrometry	S13_Brain_1.raw	ftp://ftp.pride.ebi.ac.uk/pride/data/archive/2020/10/PXD020192/S13_Brain_1.raw	1	1	AC=MS:1002038;NT=label free sample	NT=Trypsin; AC=MS:1001251	NT=Q Exactive HF-X;AC=MS:1002877	NT=Carbamidomethyl;TA=C;MT=fixed;AC=UNIMOD:4	NT=Oxidation;MT=variable;TA=M;AC=UNIMOD:35	AC=MS:1000422;NT=HCD	7 ppm	0.02 Da	brain
Sample 14	Homo sapiens	brain	not applicable	not applicable	adult	none	not available	not available	not available	2	tissue	run 14	proteomic profiling by mass spectrometry	S14_Brain_2.raw	ftp://ftp.pride.ebi.ac.uk/pride/data/archive/2020/10/PXD020192/S14_Brain_2.raw	1	1	AC=MS:1002038;NT=label free sample	NT=Trypsin; AC=MS:1001251	NT=Q Exactive HF-X;AC=MS:1002877	NT=Carbamidomethyl;TA=C;MT=fixed;AC=UNIMOD:4	NT=Oxidation;MT=variable;TA=M;AC=UNIMOD:35	AC=MS:1000422;NT=HCD	7 ppm	0.02 Da	brain
Sample 15	Homo sapiens	medulla oblongata	not applicable	not applicable	adult	none	not available	not available	not available	1	tissue	run 15	proteomic profiling by mass spectrometry	S15_MedullaOblongata_1.raw	ftp://ftp.pride.ebi.ac.uk/pride/data/archive/2020/10/PXD020192/S15_MedullaOblongata_1.raw	1	1	AC=MS:1002038;NT=label free sample	NT=Trypsin; AC=MS:1001251	NT=Q Exactive HF-X;AC=MS:1002877	NT=Carbamidomethyl;TA=C;MT=fixed;AC=UNIMOD:4	NT=Oxidation;MT=variable;TA=M;AC=UNIMOD:35	AC=MS:1000422;NT=HCD	7 ppm	0.02 Da	medulla oblongata
Sample 16	Homo sapiens	medulla oblongata	not applicable	not applicable	adult	none	not available	not available	not available	2	tissue	run 16	proteomic profiling by mass spectrometry	S16_MedullaOblongata_2.raw	ftp://ftp.pride.ebi.ac.uk/pride/data/archive/2020/10/PXD020192/S16_MedullaOblongata_2.raw	1	1	AC=MS:1002038;NT=label free sample	NT=Trypsin; AC=MS:1001251	NT=Q Exactive HF-X;AC=MS:1002877	NT=Carbamidomethyl;TA=C;MT=fixed;AC=UNIMOD:4	NT=Oxidation;MT=variable;TA=M;AC=UNIMOD:35	AC=MS:1000422;NT=HCD	7 ppm	0.02 Da	medulla oblongata
Sample 17	Homo sapiens	placenta	not applicable	not applicable	adult	none	not available	not available	not available	1	tissue	run 17	proteomic profiling by mass spectrometry	S17_Placenta_1.raw	ftp://ftp.pride.ebi.ac.uk/pride/data/archive/2020/10/PXD020192/S17_Placenta_1.raw	1	1	AC=MS:1002038;NT=label free sample	NT=Trypsin; AC=MS:1001251	NT=Q Exactive HF-X;AC=MS:1002877	NT=Carbamidomethyl;TA=C;MT=fixed;AC=UNIMOD:4	NT=Oxidation;MT=variable;TA=M;AC=UNIMOD:35	AC=MS:1000422;NT=HCD	7 ppm	0.02 Da	placenta
Sample 18	Homo sapiens	placenta	not applicable	not applicable	adult	none	not available	not available	not available	2	tissue	run 18	proteomic profiling by mass spectrometry	S18_Placenta_2.raw	ftp://ftp.pride.ebi.ac.uk/pride/data/archive/2020/10/PXD020192/S18_Placenta_2.raw	1	1	AC=MS:1002038;NT=label free sample	NT=Trypsin; AC=MS:1001251	NT=Q Exactive HF-X;AC=MS:1002877	NT=Carbamidomethyl;TA=C;MT=fixed;AC=UNIMOD:4	NT=Oxidation;MT=variable;TA=M;AC=UNIMOD:35	AC=MS:1000422;NT=HCD	7 ppm	0.02 Da	placenta
Sample 19	Homo sapiens	endometrium	not applicable	not applicable	adult	none	not available	not available	not available	1	tissue	run 19	proteomic profiling by mass spectrometry	S19_Endometrium_1.raw	ftp://ftp.pride.ebi.ac.uk/pride/data/archive/2020/10/PXD020192/S19_Endometrium_1.raw	1	1	AC=MS:1002038;NT=label free sample	NT=Trypsin; AC=MS:1001251	NT=Q Exactive HF-X;AC=MS:1002877	NT=Carbamidomethyl;TA=C;MT=fixed;AC=UNIMOD:4	NT=Oxidation;MT=variable;TA=M;AC=UNIMOD:35	AC=MS:1000422;NT=HCD	7 ppm	0.02 Da	endometrium
Sample 20	Homo sapiens	endometrium	not applicable	not applicable	adult	none	not available	not available	not available	2	tissue	run 20	proteomic profiling by mass spectrometry	S20_Endometrium_2.raw	ftp://ftp.pride.ebi.ac.uk/pride/data/archive/2020/10/PXD020192/S20_Endometrium_2.raw	1	1	AC=MS:1002038;NT=label free sample	NT=Trypsin; AC=MS:1001251	NT=Q Exactive HF-X;AC=MS:1002877	NT=Carbamidomethyl;TA=C;MT=fixed;AC=UNIMOD:4	NT=Oxidation;MT=variable;TA=M;AC=UNIMOD:35	AC=MS:1000422;NT=HCD	7 ppm	0.02 Da	endometrium
Sample 21	Homo sapiens	adrenalgland	not applicable	not applicable	adult	none	not available	not available	not available	1	tissue	run 21	proteomic profiling by mass spectrometry	S21_AdrenalGland_1.raw	ftp://ftp.pride.ebi.ac.uk/pride/data/archive/2020/10/PXD020192/S21_AdrenalGland_1.raw	1	1	AC=MS:1002038;NT=label free sample	NT=Trypsin; AC=MS:1001251	NT=Q Exactive HF-X;AC=MS:1002877	NT=Carbamidomethyl;TA=C;MT=fixed;AC=UNIMOD:4	NT=Oxidation;MT=variable;TA=M;AC=UNIMOD:35	AC=MS:1000422;NT=HCD	7 ppm	0.02 Da	adrenalgland
Sample 22	Homo sapiens	adrenalgland	not applicable	not applicable	adult	none	not available	not available	not available	2	tissue	run 22	proteomic profiling by mass spectrometry	S22_AdrenalGland_2.raw	ftp://ftp.pride.ebi.ac.uk/pride/data/archive/2020/10/PXD020192/S22_AdrenalGland_2.raw	1	1	AC=MS:1002038;NT=label free sample	NT=Trypsin; AC=MS:1001251	NT=Q Exactive HF-X;AC=MS:1002877	NT=Carbamidomethyl;TA=C;MT=fixed;AC=UNIMOD:4	NT=Oxidation;MT=variable;TA=M;AC=UNIMOD:35	AC=MS:1000422;NT=HCD	7 ppm	0.02 Da	adrenalgland
Sample 23	Homo sapiens	appendix	not applicable	not applicable	adult	none	not available	not available	not available	1	tissue	run 23	proteomic profiling by mass spectrometry	S23_Appendix_1.raw	ftp://ftp.pride.ebi.ac.uk/pride/data/archive/2020/10/PXD020192/S23_Appendix_1.raw	1	1	AC=MS:1002038;NT=label free sample	NT=Trypsin; AC=MS:1001251	NT=Q Exactive HF-X;AC=MS:1002877	NT=Carbamidomethyl;TA=C;MT=fixed;AC=UNIMOD:4	NT=Oxidation;MT=variable;TA=M;AC=UNIMOD:35	AC=MS:1000422;NT=HCD	7 ppm	0.02 Da	appendix
Sample 24	Homo sapiens	appendix	not applicable	not applicable	adult	none	not available	not available	not available	2	tissue	run 24	proteomic profiling by mass spectrometry	S24_Appendix_2.raw	ftp://ftp.pride.ebi.ac.uk/pride/data/archive/2020/10/PXD020192/S24_Appendix_2.raw	1	1	AC=MS:1002038;NT=label free sample	NT=Trypsin; AC=MS:1001251	NT=Q Exactive HF-X;AC=MS:1002877	NT=Carbamidomethyl;TA=C;MT=fixed;AC=UNIMOD:4	NT=Oxidation;MT=variable;TA=M;AC=UNIMOD:35	AC=MS:1000422;NT=HCD	7 ppm	0.02 Da	appendix
Sample 25	Homo sapiens	lung	not applicable	not applicable	adult	none	not available	not available	not available	1	tissue	run 25	proteomic profiling by mass spectrometry	S25_Lung_1.raw	ftp://ftp.pride.ebi.ac.uk/pride/data/archive/2020/10/PXD020192/S25_Lung_1.raw	1	1	AC=MS:1002038;NT=label free sample	NT=Trypsin; AC=MS:1001251	NT=Q Exactive HF-X;AC=MS:1002877	NT=Carbamidomethyl;TA=C;MT=fixed;AC=UNIMOD:4	NT=Oxidation;MT=variable;TA=M;AC=UNIMOD:35	AC=MS:1000422;NT=HCD	7 ppm	0.02 Da	lung
Sample 26	Homo sapiens	lung	not applicable	not applicable	adult	none	not available	not available	not available	2	tissue	run 26	proteomic profiling by mass spectrometry	S26_Lung_2.raw	ftp://ftp.pride.ebi.ac.uk/pride/data/archive/2020/10/PXD020192/S26_Lung_2.raw	1	1	AC=MS:1002038;NT=label free sample	NT=Trypsin; AC=MS:1001251	NT=Q Exactive HF-X;AC=MS:1002877	NT=Carbamidomethyl;TA=C;MT=fixed;AC=UNIMOD:4	NT=Oxidation;MT=variable;TA=M;AC=UNIMOD:35	AC=MS:1000422;NT=HCD	7 ppm	0.02 Da	lung
Sample 27	Homo sapiens	liver	not applicable	not applicable	adult	none	not available	not available	not available	1	tissue	run 27	proteomic profiling by mass spectrometry	S27_Liver_1.raw	ftp://ftp.pride.ebi.ac.uk/pride/data/archive/2020/10/PXD020192/S27_Liver_1.raw	1	1	AC=MS:1002038;NT=label free sample	NT=Trypsin; AC=MS:1001251	NT=Q Exactive HF-X;AC=MS:1002877	NT=Carbamidomethyl;TA=C;MT=fixed;AC=UNIMOD:4	NT=Oxidation;MT=variable;TA=M;AC=UNIMOD:35	AC=MS:1000422;NT=HCD	7 ppm	0.02 Da	liver
Sample 28	Homo sapiens	liver	not applicable	not applicable	adult	none	not available	not available	not available	2	tissue	run 28	proteomic profiling by mass spectrometry	S28_Liver_2.raw	ftp://ftp.pride.ebi.ac.uk/pride/data/archive/2020/10/PXD020192/S28_Liver_2.raw	1	1	AC=MS:1002038;NT=label free sample	NT=Trypsin; AC=MS:1001251	NT=Q Exactive HF-X;AC=MS:1002877	NT=Carbamidomethyl;TA=C;MT=fixed;AC=UNIMOD:4	NT=Oxidation;MT=variable;TA=M;AC=UNIMOD:35	AC=MS:1000422;NT=HCD	7 ppm	0.02 Da	liver
Sample 29	Homo sapiens	heart	not applicable	not applicable	adult	none	not available	not available	not available	1	tissue	run 29	proteomic profiling by mass spectrometry	S29_Heart_1.raw	ftp://ftp.pride.ebi.ac.uk/pride/data/archive/2020/10/PXD020192/S29_Heart_1.raw	1	1	AC=MS:1002038;NT=label free sample	NT=Trypsin; AC=MS:1001251	NT=Q Exactive HF-X;AC=MS:1002877	NT=Carbamidomethyl;TA=C;MT=fixed;AC=UNIMOD:4	NT=Oxidation;MT=variable;TA=M;AC=UNIMOD:35	AC=MS:1000422;NT=HCD	7 ppm	0.02 Da	heart
Sample 30	Homo sapiens	heart	not applicable	not applicable	adult	none	not available	not available	not available	2	tissue	run 30	proteomic profiling by mass spectrometry	S30_Heart_2.raw	ftp://ftp.pride.ebi.ac.uk/pride/data/archive/2020/10/PXD020192/S30_Heart_2.raw	1	1	AC=MS:1002038;NT=label free sample	NT=Trypsin; AC=MS:1001251	NT=Q Exactive HF-X;AC=MS:1002877	NT=Carbamidomethyl;TA=C;MT=fixed;AC=UNIMOD:4	NT=Oxidation;MT=variable;TA=M;AC=UNIMOD:35	AC=MS:1000422;NT=HCD	7 ppm	0.02 Da	heart
Sample 31	Homo sapiens	colon	not applicable	not applicable	adult	none	not available	not available	not available	1	tissue	run 31	proteomic profiling by mass spectrometry	S31_Colon_1.raw	ftp://ftp.pride.ebi.ac.uk/pride/data/archive/2020/10/PXD020192/S31_Colon_1.raw	1	1	AC=MS:1002038;NT=label free sample	NT=Trypsin; AC=MS:1001251	NT=Q Exactive HF-X;AC=MS:1002877	NT=Carbamidomethyl;TA=C;MT=fixed;AC=UNIMOD:4	NT=Oxidation;MT=variable;TA=M;AC=UNIMOD:35	AC=MS:1000422;NT=HCD	7 ppm	0.02 Da	colon
Sample 32	Homo sapiens	colon	not applicable	not applicable	adult	none	not available	not available	not available	2	tissue	run 32	proteomic profiling by mass spectrometry	S32_Colon_2.raw	ftp://ftp.pride.ebi.ac.uk/pride/data/archive/2020/10/PXD020192/S32_Colon_2.raw	1	1	AC=MS:1002038;NT=label free sample	NT=Trypsin; AC=MS:1001251	NT=Q Exactive HF-X;AC=MS:1002877	NT=Carbamidomethyl;TA=C;MT=fixed;AC=UNIMOD:4	NT=Oxidation;MT=variable;TA=M;AC=UNIMOD:35	AC=MS:1000422;NT=HCD	7 ppm	0.02 Da	colon
Sample 33	Homo sapiens	esophagus	not applicable	not applicable	adult	none	not available	not available	not available	1	tissue	run 33	proteomic profiling by mass spectrometry	S33_Esophagus_1.raw	ftp://ftp.pride.ebi.ac.uk/pride/data/archive/2020/10/PXD020192/S33_Esophagus_1.raw	1	1	AC=MS:1002038;NT=label free sample	NT=Trypsin; AC=MS:1001251	NT=Q Exactive HF-X;AC=MS:1002877	NT=Carbamidomethyl;TA=C;MT=fixed;AC=UNIMOD:4	NT=Oxidation;MT=variable;TA=M;AC=UNIMOD:35	AC=MS:1000422;NT=HCD	7 ppm	0.02 Da	esophagus
Sample 34	Homo sapiens	esophagus	not applicable	not applicable	adult	none	not available	not available	not available	2	tissue	run 34	proteomic profiling by mass spectrometry	S34_Esophagus_2.raw	ftp://ftp.pride.ebi.ac.uk/pride/data/archive/2020/10/PXD020192/S34_Esophagus_2.raw	1	1	AC=MS:1002038;NT=label free sample	NT=Trypsin; AC=MS:1001251	NT=Q Exactive HF-X;AC=MS:1002877	NT=Carbamidomethyl;TA=C;MT=fixed;AC=UNIMOD:4	NT=Oxidation;MT=variable;TA=M;AC=UNIMOD:35	AC=MS:1000422;NT=HCD	7 ppm	0.02 Da	esophagus
Sample 35	Homo sapiens	stomach	not applicable	not applicable	adult	none	not available	not available	not available	1	tissue	run 35	proteomic profiling by mass spectrometry	S35_Stomach_1.raw	ftp://ftp.pride.ebi.ac.uk/pride/data/archive/2020/10/PXD020192/S35_Stomach_1.raw	1	1	AC=MS:1002038;NT=label free sample	NT=Trypsin; AC=MS:1001251	NT=Q Exactive HF-X;AC=MS:1002877	NT=Carbamidomethyl;TA=C;MT=fixed;AC=UNIMOD:4	NT=Oxidation;MT=variable;TA=M;AC=UNIMOD:35	AC=MS:1000422;NT=HCD	7 ppm	0.02 Da	stomach
Sample 36	Homo sapiens	stomach	not applicable	not applicable	adult	none	not available	not available	not available	2	tissue	run 36	proteomic profiling by mass spectrometry	S36_Stomach_2.raw	ftp://ftp.pride.ebi.ac.uk/pride/data/archive/2020/10/PXD020192/S36_Stomach_2.raw	1	1	AC=MS:1002038;NT=label free sample	NT=Trypsin; AC=MS:1001251	NT=Q Exactive HF-X;AC=MS:1002877	NT=Carbamidomethyl;TA=C;MT=fixed;AC=UNIMOD:4	NT=Oxidation;MT=variable;TA=M;AC=UNIMOD:35	AC=MS:1000422;NT=HCD	7 ppm	0.02 Da	stomach
Sample 37	Homo sapiens	small intestine	not applicable	not applicable	adult	none	not available	not available	not available	1	tissue	run 37	proteomic profiling by mass spectrometry	S37_SmallIntestine_1.raw	ftp://ftp.pride.ebi.ac.uk/pride/data/archive/2020/10/PXD020192/S37_SmallIntestine_1.raw	1	1	AC=MS:1002038;NT=label free sample	NT=Trypsin; AC=MS:1001251	NT=Q Exactive HF-X;AC=MS:1002877	NT=Carbamidomethyl;TA=C;MT=fixed;AC=UNIMOD:4	NT=Oxidation;MT=variable;TA=M;AC=UNIMOD:35	AC=MS:1000422;NT=HCD	7 ppm	0.02 Da	small intestine
Sample 38	Homo sapiens	small intestine	not applicable	not applicable	adult	none	not available	not available	not available	2	tissue	run 38	proteomic profiling by mass spectrometry	S38_SmallIntestine_2.raw	ftp://ftp.pride.ebi.ac.uk/pride/data/archive/2020/10/PXD020192/S38_SmallIntestine_2.raw	1	1	AC=MS:1002038;NT=label free sample	NT=Trypsin; AC=MS:1001251	NT=Q Exactive HF-X;AC=MS:1002877	NT=Carbamidomethyl;TA=C;MT=fixed;AC=UNIMOD:4	NT=Oxidation;MT=variable;TA=M;AC=UNIMOD:35	AC=MS:1000422;NT=HCD	7 ppm	0.02 Da	small intestine
Sample 39	Homo sapiens	trachea	not applicable	not applicable	adult	none	not available	not available	not available	1	tissue	run 39	proteomic profiling by mass spectrometry	S39_Trachea_1.raw	ftp://ftp.pride.ebi.ac.uk/pride/data/archive/2020/10/PXD020192/S39_Trachea_1.raw	1	1	AC=MS:1002038;NT=label free sample	NT=Trypsin; AC=MS:1001251	NT=Q Exactive HF-X;AC=MS:1002877	NT=Carbamidomethyl;TA=C;MT=fixed;AC=UNIMOD:4	NT=Oxidation;MT=variable;TA=M;AC=UNIMOD:35	AC=MS:1000422;NT=HCD	7 ppm	0.02 Da	trachea
Sample 40	Homo sapiens	trachea	not applicable	not applicable	adult	none	not available	not available	not available	2	tissue	run 40	proteomic profiling by mass spectrometry	S40_Trachea_2.raw	ftp://ftp.pride.ebi.ac.uk/pride/data/archive/2020/10/PXD020192/S40_Trachea_2.raw	1	1	AC=MS:1002038;NT=label free sample	NT=Trypsin; AC=MS:1001251	NT=Q Exactive HF-X;AC=MS:1002877	NT=Carbamidomethyl;TA=C;MT=fixed;AC=UNIMOD:4	NT=Oxidation;MT=variable;TA=M;AC=UNIMOD:35	AC=MS:1000422;NT=HCD	7 ppm	0.02 Da	trachea
Sample 41	Homo sapiens	kidney	not applicable	not applicable	adult	none	not available	not available	not available	1	tissue	run 41	proteomic profiling by mass spectrometry	S41_Kidney_1.raw	ftp://ftp.pride.ebi.ac.uk/pride/data/archive/2020/10/PXD020192/S41_Kidney_1.raw	1	1	AC=MS:1002038;NT=label free sample	NT=Trypsin; AC=MS:1001251	NT=Q Exactive HF-X;AC=MS:1002877	NT=Carbamidomethyl;TA=C;MT=fixed;AC=UNIMOD:4	NT=Oxidation;MT=variable;TA=M;AC=UNIMOD:35	AC=MS:1000422;NT=HCD	7 ppm	0.02 Da	kidney
Sample 42	Homo sapiens	kidney	not applicable	not applicable	adult	none	not available	not available	not available	2	tissue	run 42	proteomic profiling by mass spectrometry	S42_Kidney_2.raw	ftp://ftp.pride.ebi.ac.uk/pride/data/archive/2020/10/PXD020192/S42_Kidney_2.raw	1	1	AC=MS:1002038;NT=label free sample	NT=Trypsin; AC=MS:1001251	NT=Q Exactive HF-X;AC=MS:1002877	NT=Carbamidomethyl;TA=C;MT=fixed;AC=UNIMOD:4	NT=Oxidation;MT=variable;TA=M;AC=UNIMOD:35	AC=MS:1000422;NT=HCD	7 ppm	0.02 Da	kidney
Sample 43	Homo sapiens	cervix	not applicable	not applicable	adult	none	not available	not available	not available	1	tissue	run 43	proteomic profiling by mass spectrometry	S43_Cervix_1.raw	ftp://ftp.pride.ebi.ac.uk/pride/data/archive/2020/10/PXD020192/S43_Cervix_1.raw	1	1	AC=MS:1002038;NT=label free sample	NT=Trypsin; AC=MS:1001251	NT=Q Exactive HF-X;AC=MS:1002877	NT=Carbamidomethyl;TA=C;MT=fixed;AC=UNIMOD:4	NT=Oxidation;MT=variable;TA=M;AC=UNIMOD:35	AC=MS:1000422;NT=HCD	7 ppm	0.02 Da	cervix
Sample 44	Homo sapiens	cervix	not applicable	not applicable	adult	none	not available	not available	not available	2	tissue	run 44	proteomic profiling by mass spectrometry	S44_Cervix_2.raw	ftp://ftp.pride.ebi.ac.uk/pride/data/archive/2020/10/PXD020192/S44_Cervix_2.raw	1	1	AC=MS:1002038;NT=label free sample	NT=Trypsin; AC=MS:1001251	NT=Q Exactive HF-X;AC=MS:1002877	NT=Carbamidomethyl;TA=C;MT=fixed;AC=UNIMOD:4	NT=Oxidation;MT=variable;TA=M;AC=UNIMOD:35	AC=MS:1000422;NT=HCD	7 ppm	0.02 Da	cervix
Sample 45	Homo sapiens	bladder	not applicable	not applicable	adult	none	not available	not available	not available	1	tissue	run 45	proteomic profiling by mass spectrometry	S45_Bladder_1_20200129213259.raw	ftp://ftp.pride.ebi.ac.uk/pride/data/archive/2020/10/PXD020192/S45_Bladder_1_20200129213259.raw	1	1	AC=MS:1002038;NT=label free sample	NT=Trypsin; AC=MS:1001251	NT=Q Exactive HF-X;AC=MS:1002877	NT=Carbamidomethyl;TA=C;MT=fixed;AC=UNIMOD:4	NT=Oxidation;MT=variable;TA=M;AC=UNIMOD:35	AC=MS:1000422;NT=HCD	7 ppm	0.02 Da	bladder
Sample 46	Homo sapiens	bladder	not applicable	not applicable	adult	none	not available	not available	not available	2	tissue	run 46	proteomic profiling by mass spectrometry	S46_Bladder_2.raw	ftp://ftp.pride.ebi.ac.uk/pride/data/archive/2020/10/PXD020192/S46_Bladder_2.raw	1	1	AC=MS:1002038;NT=label free sample	NT=Trypsin; AC=MS:1001251	NT=Q Exactive HF-X;AC=MS:1002877	NT=Carbamidomethyl;TA=C;MT=fixed;AC=UNIMOD:4	NT=Oxidation;MT=variable;TA=M;AC=UNIMOD:35	AC=MS:1000422;NT=HCD	7 ppm	0.02 Da	bladder
Sample 47	Homo sapiens	breast	not applicable	not applicable	adult	none	not available	not available	not available	1	tissue	run 47	proteomic profiling by mass spectrometry	S47_Breast_1.raw	ftp://ftp.pride.ebi.ac.uk/pride/data/archive/2020/10/PXD020192/S47_Breast_1.raw	1	1	AC=MS:1002038;NT=label free sample	NT=Trypsin; AC=MS:1001251	NT=Q Exactive HF-X;AC=MS:1002877	NT=Carbamidomethyl;TA=C;MT=fixed;AC=UNIMOD:4	NT=Oxidation;MT=variable;TA=M;AC=UNIMOD:35	AC=MS:1000422;NT=HCD	7 ppm	0.02 Da	breast
Sample 48	Homo sapiens	breast	not applicable	not applicable	adult	none	not available	not available	not available	2	tissue	run 48	proteomic profiling by mass spectrometry	S48_Breast_2.raw	ftp://ftp.pride.ebi.ac.uk/pride/data/archive/2020/10/PXD020192/S48_Breast_2.raw	1	1	AC=MS:1002038;NT=label free sample	NT=Trypsin; AC=MS:1001251	NT=Q Exactive HF-X;AC=MS:1002877	NT=Carbamidomethyl;TA=C;MT=fixed;AC=UNIMOD:4	NT=Oxidation;MT=variable;TA=M;AC=UNIMOD:35	AC=MS:1000422;NT=HCD	7 ppm	0.02 Da	breast
Sample 49	Homo sapiens	spleen	not applicable	not applicable	adult	none	not available	not available	not available	1	tissue	run 49	proteomic profiling by mass spectrometry	S49_Spleen_1.raw	ftp://ftp.pride.ebi.ac.uk/pride/data/archive/2020/10/PXD020192/S49_Spleen_1.raw	1	1	AC=MS:1002038;NT=label free sample	NT=Trypsin; AC=MS:1001251	NT=Q Exactive HF-X;AC=MS:1002877	NT=Carbamidomethyl;TA=C;MT=fixed;AC=UNIMOD:4	NT=Oxidation;MT=variable;TA=M;AC=UNIMOD:35	AC=MS:1000422;NT=HCD	7 ppm	0.02 Da	spleen
Sample 50	Homo sapiens	spleen	not applicable	not applicable	adult	none	not available	not available	not available	2	tissue	run 50	proteomic profiling by mass spectrometry	S50_Spleen_2.raw	ftp://ftp.pride.ebi.ac.uk/pride/data/archive/2020/10/PXD020192/S50_Spleen_2.raw	1	1	AC=MS:1002038;NT=label free sample	NT=Trypsin; AC=MS:1001251	NT=Q Exactive HF-X;AC=MS:1002877	NT=Carbamidomethyl;TA=C;MT=fixed;AC=UNIMOD:4	NT=Oxidation;MT=variable;TA=M;AC=UNIMOD:35	AC=MS:1000422;NT=HCD	7 ppm	0.02 Da	spleen
Sample 51	Homo sapiens	duodenum	not applicable	not applicable	adult	none	not available	not available	not available	1	tissue	run 51	proteomic profiling by mass spectrometry	S51_Duodenum_1.raw	ftp://ftp.pride.ebi.ac.uk/pride/data/archive/2020/10/PXD020192/S51_Duodenum_1.raw	1	1	AC=MS:1002038;NT=label free sample	NT=Trypsin; AC=MS:1001251	NT=Q Exactive HF-X;AC=MS:1002877	NT=Carbamidomethyl;TA=C;MT=fixed;AC=UNIMOD:4	NT=Oxidation;MT=variable;TA=M;AC=UNIMOD:35	AC=MS:1000422;NT=HCD	7 ppm	0.02 Da	duodenum
Sample 52	Homo sapiens	duodenum	not applicable	not applicable	adult	none	not available	not available	not available	2	tissue	run 52	proteomic profiling by mass spectrometry	S52_Duodenum_2.raw	ftp://ftp.pride.ebi.ac.uk/pride/data/archive/2020/10/PXD020192/S52_Duodenum_2.raw	1	1	AC=MS:1002038;NT=label free sample	NT=Trypsin; AC=MS:1001251	NT=Q Exactive HF-X;AC=MS:1002877	NT=Carbamidomethyl;TA=C;MT=fixed;AC=UNIMOD:4	NT=Oxidation;MT=variable;TA=M;AC=UNIMOD:35	AC=MS:1000422;NT=HCD	7 ppm	0.02 Da	duodenum
Sample 53	Homo sapiens	uterus	not applicable	not applicable	adult	none	not available	not available	not available	1	tissue	run 53	proteomic profiling by mass spectrometry	S53_Uterus_1.raw	ftp://ftp.pride.ebi.ac.uk/pride/data/archive/2020/10/PXD020192/S53_Uterus_1.raw	1	1	AC=MS:1002038;NT=label free sample	NT=Trypsin; AC=MS:1001251	NT=Q Exactive HF-X;AC=MS:1002877	NT=Carbamidomethyl;TA=C;MT=fixed;AC=UNIMOD:4	NT=Oxidation;MT=variable;TA=M;AC=UNIMOD:35	AC=MS:1000422;NT=HCD	7 ppm	0.02 Da	uterus
Sample 54	Homo sapiens	uterus	not applicable	not applicable	adult	none	not available	not available	not available	2	tissue	run 54	proteomic profiling by mass spectrometry	S54_Uterus_2.raw	ftp://ftp.pride.ebi.ac.uk/pride/data/archive/2020/10/PXD020192/S54_Uterus_2.raw	1	1	AC=MS:1002038;NT=label free sample	NT=Trypsin; AC=MS:1001251	NT=Q Exactive HF-X;AC=MS:1002877	NT=Carbamidomethyl;TA=C;MT=fixed;AC=UNIMOD:4	NT=Oxidation;MT=variable;TA=M;AC=UNIMOD:35	AC=MS:1000422;NT=HCD	7 ppm	0.02 Da	uterus
Sample 55	Homo sapiens	gallbladder	not applicable	not applicable	adult	none	not available	not available	not available	1	tissue	run 55	proteomic profiling by mass spectrometry	S55_Gallbladder_1.raw	ftp://ftp.pride.ebi.ac.uk/pride/data/archive/2020/10/PXD020192/S55_Gallbladder_1.raw	1	1	AC=MS:1002038;NT=label free sample	NT=Trypsin; AC=MS:1001251	NT=Q Exactive HF-X;AC=MS:1002877	NT=Carbamidomethyl;TA=C;MT=fixed;AC=UNIMOD:4	NT=Oxidation;MT=variable;TA=M;AC=UNIMOD:35	AC=MS:1000422;NT=HCD	7 ppm	0.02 Da	gallbladder
Sample 56	Homo sapiens	gallbladder	not applicable	not applicable	adult	none	not available	not available	not available	2	tissue	run 56	proteomic profiling by mass spectrometry	S56_Gallbladder_2.raw	ftp://ftp.pride.ebi.ac.uk/pride/data/archive/2020/10/PXD020192/S56_Gallbladder_2.raw	1	1	AC=MS:1002038;NT=label free sample	NT=Trypsin; AC=MS:1001251	NT=Q Exactive HF-X;AC=MS:1002877	NT=Carbamidomethyl;TA=C;MT=fixed;AC=UNIMOD:4	NT=Oxidation;MT=variable;TA=M;AC=UNIMOD:35	AC=MS:1000422;NT=HCD	7 ppm	0.02 Da	gallbladder
Sample 57	Homo sapiens	ureter	not applicable	not applicable	adult	none	not available	not available	not available	1	tissue	run 57	proteomic profiling by mass spectrometry	S57_Ureter_1.raw	ftp://ftp.pride.ebi.ac.uk/pride/data/archive/2020/10/PXD020192/S57_Ureter_1.raw	1	1	AC=MS:1002038;NT=label free sample	NT=Trypsin; AC=MS:1001251	NT=Q Exactive HF-X;AC=MS:1002877	NT=Carbamidomethyl;TA=C;MT=fixed;AC=UNIMOD:4	NT=Oxidation;MT=variable;TA=M;AC=UNIMOD:35	AC=MS:1000422;NT=HCD	7 ppm	0.02 Da	ureter
Sample 58	Homo sapiens	ureter	not applicable	not applicable	adult	none	not available	not available	not available	2	tissue	run 58	proteomic profiling by mass spectrometry	S58_Ureter_2.raw	ftp://ftp.pride.ebi.ac.uk/pride/data/archive/2020/10/PXD020192/S58_Ureter_2.raw	1	1	AC=MS:1002038;NT=label free sample	NT=Trypsin; AC=MS:1001251	NT=Q Exactive HF-X;AC=MS:1002877	NT=Carbamidomethyl;TA=C;MT=fixed;AC=UNIMOD:4	NT=Oxidation;MT=variable;TA=M;AC=UNIMOD:35	AC=MS:1000422;NT=HCD	7 ppm	0.02 Da	ureter
Sample 59	Homo sapiens	thyroid	not applicable	not applicable	adult	none	not available	not available	not available	1	tissue	run 59	proteomic profiling by mass spectrometry	S59_Thyroid_1.raw	ftp://ftp.pride.ebi.ac.uk/pride/data/archive/2020/10/PXD020192/S59_Thyroid_1.raw	1	1	AC=MS:1002038;NT=label free sample	NT=Trypsin; AC=MS:1001251	NT=Q Exactive HF-X;AC=MS:1002877	NT=Carbamidomethyl;TA=C;MT=fixed;AC=UNIMOD:4	NT=Oxidation;MT=variable;TA=M;AC=UNIMOD:35	AC=MS:1000422;NT=HCD	7 ppm	0.02 Da	thyroid
Sample 60	Homo sapiens	thyroid	not applicable	not applicable	adult	none	not available	not available	not available	2	tissue	run 60	proteomic profiling by mass spectrometry	S60_Thyroid_2.raw	ftp://ftp.pride.ebi.ac.uk/pride/data/archive/2020/10/PXD020192/S60_Thyroid_2.raw	1	1	AC=MS:1002038;NT=label free sample	NT=Trypsin; AC=MS:1001251	NT=Q Exactive HF-X;AC=MS:1002877	NT=Carbamidomethyl;TA=C;MT=fixed;AC=UNIMOD:4	NT=Oxidation;MT=variable;TA=M;AC=UNIMOD:35	AC=MS:1000422;NT=HCD	7 ppm	0.02 Da	thyroid
Sample 61	Homo sapiens	pancreas	not applicable	not applicable	adult	none	not available	not available	not available	1	tissue	run 61	proteomic profiling by mass spectrometry	S61_Pancreas_1.raw	ftp://ftp.pride.ebi.ac.uk/pride/data/archive/2020/10/PXD020192/S61_Pancreas_1.raw	1	1	AC=MS:1002038;NT=label free sample	NT=Trypsin; AC=MS:1001251	NT=Q Exactive HF-X;AC=MS:1002877	NT=Carbamidomethyl;TA=C;MT=fixed;AC=UNIMOD:4	NT=Oxidation;MT=variable;TA=M;AC=UNIMOD:35	AC=MS:1000422;NT=HCD	7 ppm	0.02 Da	pancreas
Sample 62	Homo sapiens	pancreas	not applicable	not applicable	adult	none	not available	not available	not available	2	tissue	run 62	proteomic profiling by mass spectrometry	S62_Pancreas_2.raw	ftp://ftp.pride.ebi.ac.uk/pride/data/archive/2020/10/PXD020192/S62_Pancreas_2.raw	1	1	AC=MS:1002038;NT=label free sample	NT=Trypsin; AC=MS:1001251	NT=Q Exactive HF-X;AC=MS:1002877	NT=Carbamidomethyl;TA=C;MT=fixed;AC=UNIMOD:4	NT=Oxidation;MT=variable;TA=M;AC=UNIMOD:35	AC=MS:1000422;NT=HCD	7 ppm	0.02 Da	pancreas
Sample 63	Homo sapiens	adipose	not applicable	not applicable	adult	none	not available	not available	not available	1	tissue	run 63	proteomic profiling by mass spectrometry	S63_AdiposeTissue_1.raw	ftp://ftp.pride.ebi.ac.uk/pride/data/archive/2020/10/PXD020192/S63_AdiposeTissue_1.raw	1	1	AC=MS:1002038;NT=label free sample	NT=Trypsin; AC=MS:1001251	NT=Q Exactive HF-X;AC=MS:1002877	NT=Carbamidomethyl;TA=C;MT=fixed;AC=UNIMOD:4	NT=Oxidation;MT=variable;TA=M;AC=UNIMOD:35	AC=MS:1000422;NT=HCD	7 ppm	0.02 Da	adipose
Sample 64	Homo sapiens	adipose	not applicable	not applicable	adult	none	not available	not available	not available	2	tissue	run 64	proteomic profiling by mass spectrometry	S64_AdiposeTissue_2.raw	ftp://ftp.pride.ebi.ac.uk/pride/data/archive/2020/10/PXD020192/S64_AdiposeTissue_2.raw	1	1	AC=MS:1002038;NT=label free sample	NT=Trypsin; AC=MS:1001251	NT=Q Exactive HF-X;AC=MS:1002877	NT=Carbamidomethyl;TA=C;MT=fixed;AC=UNIMOD:4	NT=Oxidation;MT=variable;TA=M;AC=UNIMOD:35	AC=MS:1000422;NT=HCD	7 ppm	0.02 Da	adipose
Sample 65	Homo sapiens	lymph node	not applicable	not applicable	adult	none	not available	not available	not available	1	tissue	run 65	proteomic profiling by mass spectrometry	S65_LymphNode_1.raw	ftp://ftp.pride.ebi.ac.uk/pride/data/archive/2020/10/PXD020192/S65_LymphNode_1.raw	1	1	AC=MS:1002038;NT=label free sample	NT=Trypsin; AC=MS:1001251	NT=Q Exactive HF-X;AC=MS:1002877	NT=Carbamidomethyl;TA=C;MT=fixed;AC=UNIMOD:4	NT=Oxidation;MT=variable;TA=M;AC=UNIMOD:35	AC=MS:1000422;NT=HCD	7 ppm	0.02 Da	lymph node
Sample 66	Homo sapiens	lymph node	not applicable	not applicable	adult	none	not available	not available	not available	2	tissue	run 66	proteomic profiling by mass spectrometry	S66_LymphNode_2.raw	ftp://ftp.pride.ebi.ac.uk/pride/data/archive/2020/10/PXD020192/S66_LymphNode_2.raw	1	1	AC=MS:1002038;NT=label free sample	NT=Trypsin; AC=MS:1001251	NT=Q Exactive HF-X;AC=MS:1002877	NT=Carbamidomethyl;TA=C;MT=fixed;AC=UNIMOD:4	NT=Oxidation;MT=variable;TA=M;AC=UNIMOD:35	AC=MS:1000422;NT=HCD	7 ppm	0.02 Da	lymph node
Sample 67	Homo sapiens	salivary gland	not applicable	not applicable	adult	none	not available	not available	not available	1	tissue	run 67	proteomic profiling by mass spectrometry	S67_SalivaryGland_1.raw	ftp://ftp.pride.ebi.ac.uk/pride/data/archive/2020/10/PXD020192/S67_SalivaryGland_1.raw	1	1	AC=MS:1002038;NT=label free sample	NT=Trypsin; AC=MS:1001251	NT=Q Exactive HF-X;AC=MS:1002877	NT=Carbamidomethyl;TA=C;MT=fixed;AC=UNIMOD:4	NT=Oxidation;MT=variable;TA=M;AC=UNIMOD:35	AC=MS:1000422;NT=HCD	7 ppm	0.02 Da	salivary gland
Sample 68	Homo sapiens	salivary gland	not applicable	not applicable	adult	none	not available	not available	not available	2	tissue	run 68	proteomic profiling by mass spectrometry	S68_SalivaryGland_2.raw	ftp://ftp.pride.ebi.ac.uk/pride/data/archive/2020/10/PXD020192/S68_SalivaryGland_2.raw	1	1	AC=MS:1002038;NT=label free sample	NT=Trypsin; AC=MS:1001251	NT=Q Exactive HF-X;AC=MS:1002877	NT=Carbamidomethyl;TA=C;MT=fixed;AC=UNIMOD:4	NT=Oxidation;MT=variable;TA=M;AC=UNIMOD:35	AC=MS:1000422;NT=HCD	7 ppm	0.02 Da	salivary gland
Sample 69	Homo sapiens	skeletal muscle	not applicable	not applicable	adult	none	not available	not available	not available	1	tissue	run 69	proteomic profiling by mass spectrometry	S69_SkeletalMuscle_1.raw	ftp://ftp.pride.ebi.ac.uk/pride/data/archive/2020/10/PXD020192/S69_SkeletalMuscle_1.raw	1	1	AC=MS:1002038;NT=label free sample	NT=Trypsin; AC=MS:1001251	NT=Q Exactive HF-X;AC=MS:1002877	NT=Carbamidomethyl;TA=C;MT=fixed;AC=UNIMOD:4	NT=Oxidation;MT=variable;TA=M;AC=UNIMOD:35	AC=MS:1000422;NT=HCD	7 ppm	0.02 Da	skeletal muscle
Sample 70	Homo sapiens	skeletal muscle	not applicable	not applicable	adult	none	not available	not available	not available	2	tissue	run 70	proteomic profiling by mass spectrometry	S70_SkeletalMuscle_2.raw	ftp://ftp.pride.ebi.ac.uk/pride/data/archive/2020/10/PXD020192/S70_SkeletalMuscle_2.raw	1	1	AC=MS:1002038;NT=label free sample	NT=Trypsin; AC=MS:1001251	NT=Q Exactive HF-X;AC=MS:1002877	NT=Carbamidomethyl;TA=C;MT=fixed;AC=UNIMOD:4	NT=Oxidation;MT=variable;TA=M;AC=UNIMOD:35	AC=MS:1000422;NT=HCD	7 ppm	0.02 Da	skeletal muscle
Sample 71	Homo sapiens	prostate	not applicable	not applicable	adult	none	not available	not available	not available	1	tissue	run 71	proteomic profiling by mass spectrometry	S71_Prostate_1.raw	ftp://ftp.pride.ebi.ac.uk/pride/data/archive/2020/10/PXD020192/S71_Prostate_1.raw	1	1	AC=MS:1002038;NT=label free sample	NT=Trypsin; AC=MS:1001251	NT=Q Exactive HF-X;AC=MS:1002877	NT=Carbamidomethyl;TA=C;MT=fixed;AC=UNIMOD:4	NT=Oxidation;MT=variable;TA=M;AC=UNIMOD:35	AC=MS:1000422;NT=HCD	7 ppm	0.02 Da	prostate
Sample 72	Homo sapiens	prostate	not applicable	not applicable	adult	none	not available	not available	not available	2	tissue	run 72	proteomic profiling by mass spectrometry	S72_Prostate_2.raw	ftp://ftp.pride.ebi.ac.uk/pride/data/archive/2020/10/PXD020192/S72_Prostate_2.raw	1	1	AC=MS:1002038;NT=label free sample	NT=Trypsin; AC=MS:1001251	NT=Q Exactive HF-X;AC=MS:1002877	NT=Carbamidomethyl;TA=C;MT=fixed;AC=UNIMOD:4	NT=Oxidation;MT=variable;TA=M;AC=UNIMOD:35	AC=MS:1000422;NT=HCD	7 ppm	0.02 Da	prostate
Sample 73	Homo sapiens	Seminal Vesicle	not applicable	not applicable	adult	none	not available	not available	not available	1	tissue	run 73	proteomic profiling by mass spectrometry	S73_SeminalVesicle_1.raw	ftp://ftp.pride.ebi.ac.uk/pride/data/archive/2020/10/PXD020192/S73_SeminalVesicle_1.raw	1	1	AC=MS:1002038;NT=label free sample	NT=Trypsin; AC=MS:1001251	NT=Q Exactive HF-X;AC=MS:1002877	NT=Carbamidomethyl;TA=C;MT=fixed;AC=UNIMOD:4	NT=Oxidation;MT=variable;TA=M;AC=UNIMOD:35	AC=MS:1000422;NT=HCD	7 ppm	0.02 Da	Seminal Vesicle
Sample 74	Homo sapiens	Seminal Vesicle	not applicable	not applicable	adult	none	not available	not available	not available	2	tissue	run 74	proteomic profiling by mass spectrometry	S74_SeminalVesicle_2.raw	ftp://ftp.pride.ebi.ac.uk/pride/data/archive/2020/10/PXD020192/S74_SeminalVesicle_2.raw	1	1	AC=MS:1002038;NT=label free sample	NT=Trypsin; AC=MS:1001251	NT=Q Exactive HF-X;AC=MS:1002877	NT=Carbamidomethyl;TA=C;MT=fixed;AC=UNIMOD:4	NT=Oxidation;MT=variable;TA=M;AC=UNIMOD:35	AC=MS:1000422;NT=HCD	7 ppm	0.02 Da	Seminal Vesicle
Sample 75	Homo sapiens	testis	not applicable	not applicable	adult	none	not available	not available	not available	1	tissue	run 75	proteomic profiling by mass spectrometry	S75_Testis_1.raw	ftp://ftp.pride.ebi.ac.uk/pride/data/archive/2020/10/PXD020192/S75_Testis_1.raw	1	1	AC=MS:1002038;NT=label free sample	NT=Trypsin; AC=MS:1001251	NT=Q Exactive HF-X;AC=MS:1002877	NT=Carbamidomethyl;TA=C;MT=fixed;AC=UNIMOD:4	NT=Oxidation;MT=variable;TA=M;AC=UNIMOD:35	AC=MS:1000422;NT=HCD	7 ppm	0.02 Da	testis
Sample 76	Homo sapiens	testis	not applicable	not applicable	adult	none	not available	not available	not available	2	tissue	run 76	proteomic profiling by mass spectrometry	S76_Testis_2.raw	ftp://ftp.pride.ebi.ac.uk/pride/data/archive/2020/10/PXD020192/S76_Testis_2.raw	1	1	AC=MS:1002038;NT=label free sample	NT=Trypsin; AC=MS:1001251	NT=Q Exactive HF-X;AC=MS:1002877	NT=Carbamidomethyl;TA=C;MT=fixed;AC=UNIMOD:4	NT=Oxidation;MT=variable;TA=M;AC=UNIMOD:35	AC=MS:1000422;NT=HCD	7 ppm	0.02 Da	testis
Sample 77	Homo sapiens	epidymis	not applicable	not applicable	adult	none	not available	not available	not available	1	tissue	run 77	proteomic profiling by mass spectrometry	S77_Epidymis_1.raw	ftp://ftp.pride.ebi.ac.uk/pride/data/archive/2020/10/PXD020192/S77_Epidymis_1.raw	1	1	AC=MS:1002038;NT=label free sample	NT=Trypsin; AC=MS:1001251	NT=Q Exactive HF-X;AC=MS:1002877	NT=Carbamidomethyl;TA=C;MT=fixed;AC=UNIMOD:4	NT=Oxidation;MT=variable;TA=M;AC=UNIMOD:35	AC=MS:1000422;NT=HCD	7 ppm	0.02 Da	epidymis
Sample 78	Homo sapiens	epidymis	not applicable	not applicable	adult	none	not available	not available	not available	2	tissue	run 78	proteomic profiling by mass spectrometry	S78_Epidymis_2.raw	ftp://ftp.pride.ebi.ac.uk/pride/data/archive/2020/10/PXD020192/S78_Epidymis_2.raw	1	1	AC=MS:1002038;NT=label free sample	NT=Trypsin; AC=MS:1001251	NT=Q Exactive HF-X;AC=MS:1002877	NT=Carbamidomethyl;TA=C;MT=fixed;AC=UNIMOD:4	NT=Oxidation;MT=variable;TA=M;AC=UNIMOD:35	AC=MS:1000422;NT=HCD	7 ppm	0.02 Da	epidymis
Sample 79	Homo sapiens	anus	not applicable	not applicable	adult	none	not available	not available	not available	1	tissue	run 79	proteomic profiling by mass spectrometry	S79_Anus_1.raw	ftp://ftp.pride.ebi.ac.uk/pride/data/archive/2020/10/PXD020192/S79_Anus_1.raw	1	1	AC=MS:1002038;NT=label free sample	NT=Trypsin; AC=MS:1001251	NT=Q Exactive HF-X;AC=MS:1002877	NT=Carbamidomethyl;TA=C;MT=fixed;AC=UNIMOD:4	NT=Oxidation;MT=variable;TA=M;AC=UNIMOD:35	AC=MS:1000422;NT=HCD	7 ppm	0.02 Da	anus
Sample 80	Homo sapiens	anus	not applicable	not applicable	adult	none	not available	not available	not available	2	tissue	run 80	proteomic profiling by mass spectrometry	S80_Anus_2.raw	ftp://ftp.pride.ebi.ac.uk/pride/data/archive/2020/10/PXD020192/S80_Anus_2.raw	1	1	AC=MS:1002038;NT=label free sample	NT=Trypsin; AC=MS:1001251	NT=Q Exactive HF-X;AC=MS:1002877	NT=Carbamidomethyl;TA=C;MT=fixed;AC=UNIMOD:4	NT=Oxidation;MT=variable;TA=M;AC=UNIMOD:35	AC=MS:1000422;NT=HCD	7 ppm	0.02 Da	anus
Sample 81	Homo sapiens	bone marrow	not applicable	not applicable	adult	none	not available	not available	not available	1	tissue	run 81	proteomic profiling by mass spectrometry	S81_BoneMarrow_1.raw	ftp://ftp.pride.ebi.ac.uk/pride/data/archive/2020/10/PXD020192/S81_BoneMarrow_1.raw	1	1	AC=MS:1002038;NT=label free sample	NT=Trypsin; AC=MS:1001251	NT=Q Exactive HF-X;AC=MS:1002877	NT=Carbamidomethyl;TA=C;MT=fixed;AC=UNIMOD:4	NT=Oxidation;MT=variable;TA=M;AC=UNIMOD:35	AC=MS:1000422;NT=HCD	7 ppm	0.02 Da	Bone marrow
Sample 82	Homo sapiens	bone marrow	not applicable	not applicable	adult	none	not available	not available	not available	2	tissue	run 82	proteomic profiling by mass spectrometry	S82_BoneMarrow_2.raw	ftp://ftp.pride.ebi.ac.uk/pride/data/archive/2020/10/PXD020192/S82_BoneMarrow_2.raw	1	1	AC=MS:1002038;NT=label free sample	NT=Trypsin; AC=MS:1001251	NT=Q Exactive HF-X;AC=MS:1002877	NT=Carbamidomethyl;TA=C;MT=fixed;AC=UNIMOD:4	NT=Oxidation;MT=variable;TA=M;AC=UNIMOD:35	AC=MS:1000422;NT=HCD	7 ppm	0.02 Da	Bone marrow
Sample 83	Homo sapiens	fallopian tube	not applicable	not applicable	adult	none	not available	not available	not available	1	tissue	run 83	proteomic profiling by mass spectrometry	S83_FallopianTube_1.raw	ftp://ftp.pride.ebi.ac.uk/pride/data/archive/2020/10/PXD020192/S83_FallopianTube_1.raw	1	1	AC=MS:1002038;NT=label free sample	NT=Trypsin; AC=MS:1001251	NT=Q Exactive HF-X;AC=MS:1002877	NT=Carbamidomethyl;TA=C;MT=fixed;AC=UNIMOD:4	NT=Oxidation;MT=variable;TA=M;AC=UNIMOD:35	AC=MS:1000422;NT=HCD	7 ppm	0.02 Da	Fallopian tube
Sample 84	Homo sapiens	fallopian tube	not applicable	not applicable	adult	none	not available	not available	not available	2	tissue	run 84	proteomic profiling by mass spectrometry	S84_FallopianTube_2.raw	ftp://ftp.pride.ebi.ac.uk/pride/data/archive/2020/10/PXD020192/S84_FallopianTube_2.raw	1	1	AC=MS:1002038;NT=label free sample	NT=Trypsin; AC=MS:1001251	NT=Q Exactive HF-X;AC=MS:1002877	NT=Carbamidomethyl;TA=C;MT=fixed;AC=UNIMOD:4	NT=Oxidation;MT=variable;TA=M;AC=UNIMOD:35	AC=MS:1000422;NT=HCD	7 ppm	0.02 Da	Fallopian tube
Sample 85	Homo sapiens	parathyroid gland	not applicable	not applicable	adult	none	not available	not available	not available	1	tissue	run 85	proteomic profiling by mass spectrometry	S85_ParathyroidGland_1.raw	ftp://ftp.pride.ebi.ac.uk/pride/data/archive/2020/10/PXD020192/S85_ParathyroidGland_1.raw	1	1	AC=MS:1002038;NT=label free sample	NT=Trypsin; AC=MS:1001251	NT=Q Exactive HF-X;AC=MS:1002877	NT=Carbamidomethyl;TA=C;MT=fixed;AC=UNIMOD:4	NT=Oxidation;MT=variable;TA=M;AC=UNIMOD:35	AC=MS:1000422;NT=HCD	7 ppm	0.02 Da	Parathyroid gland
Sample 86	Homo sapiens	parathyroid gland	not applicable	not applicable	adult	none	not available	not available	not available	2	tissue	run 86	proteomic profiling by mass spectrometry	S86_ParathyroidGland_2.raw	ftp://ftp.pride.ebi.ac.uk/pride/data/archive/2020/10/PXD020192/S86_ParathyroidGland_2.raw	1	1	AC=MS:1002038;NT=label free sample	NT=Trypsin; AC=MS:1001251	NT=Q Exactive HF-X;AC=MS:1002877	NT=Carbamidomethyl;TA=C;MT=fixed;AC=UNIMOD:4	NT=Oxidation;MT=variable;TA=M;AC=UNIMOD:35	AC=MS:1000422;NT=HCD	7 ppm	0.02 Da	Parathyroid gland
Sample 87	Homo sapiens	tonsil	not applicable	not applicable	adult	none	not available	not available	not available	1	tissue	run 87	proteomic profiling by mass spectrometry	S87_Tonsil_1.raw	ftp://ftp.pride.ebi.ac.uk/pride/data/archive/2020/10/PXD020192/S87_Tonsil_1.raw	1	1	AC=MS:1002038;NT=label free sample	NT=Trypsin; AC=MS:1001251	NT=Q Exactive HF-X;AC=MS:1002877	NT=Carbamidomethyl;TA=C;MT=fixed;AC=UNIMOD:4	NT=Oxidation;MT=variable;TA=M;AC=UNIMOD:35	AC=MS:1000422;NT=HCD	7 ppm	0.02 Da	Tonsil
Sample 88	Homo sapiens	tonsil	not applicable	not applicable	adult	none	not available	not available	not available	2	tissue	run 88	proteomic profiling by mass spectrometry	S88_Tonsil_2.raw	ftp://ftp.pride.ebi.ac.uk/pride/data/archive/2020/10/PXD020192/S88_Tonsil_2.raw	1	1	AC=MS:1002038;NT=label free sample	NT=Trypsin; AC=MS:1001251	NT=Q Exactive HF-X;AC=MS:1002877	NT=Carbamidomethyl;TA=C;MT=fixed;AC=UNIMOD:4	NT=Oxidation;MT=variable;TA=M;AC=UNIMOD:35	AC=MS:1000422;NT=HCD	7 ppm	0.02 Da	Tonsil
Sample 89	Homo sapiens	ovary	not applicable	not applicable	adult	none	not available	not available	not available	1	tissue	run 89	proteomic profiling by mass spectrometry	S89_Ovary_1.raw	ftp://ftp.pride.ebi.ac.uk/pride/data/archive/2020/10/PXD020192/S89_Ovary_1.raw	1	1	AC=MS:1002038;NT=label free sample	NT=Trypsin; AC=MS:1001251	NT=Q Exactive HF-X;AC=MS:1002877	NT=Carbamidomethyl;TA=C;MT=fixed;AC=UNIMOD:4	NT=Oxidation;MT=variable;TA=M;AC=UNIMOD:35	AC=MS:1000422;NT=HCD	7 ppm	0.02 Da	Ovary
Sample 90	Homo sapiens	ovary	not applicable	not applicable	adult	none	not available	not available	not available	2	tissue	run 90	proteomic profiling by mass spectrometry	S90_Ovary_2.raw	ftp://ftp.pride.ebi.ac.uk/pride/data/archive/2020/10/PXD020192/S90_Ovary_2.raw	1	1	AC=MS:1002038;NT=label free sample	NT=Trypsin; AC=MS:1001251	NT=Q Exactive HF-X;AC=MS:1002877	NT=Carbamidomethyl;TA=C;MT=fixed;AC=UNIMOD:4	NT=Oxidation;MT=variable;TA=M;AC=UNIMOD:35	AC=MS:1000422;NT=HCD	7 ppm	0.02 Da	Ovary
Sample 91	Homo sapiens	skin	not applicable	not applicable	adult	none	not available	not available	not available	1	tissue	run 91	proteomic profiling by mass spectrometry	S91_Skin_1.raw	ftp://ftp.pride.ebi.ac.uk/pride/data/archive/2020/10/PXD020192/S91_Skin_1.raw	1	1	AC=MS:1002038;NT=label free sample	NT=Trypsin; AC=MS:1001251	NT=Q Exactive HF-X;AC=MS:1002877	NT=Carbamidomethyl;TA=C;MT=fixed;AC=UNIMOD:4	NT=Oxidation;MT=variable;TA=M;AC=UNIMOD:35	AC=MS:1000422;NT=HCD	7 ppm	0.02 Da	Skin
Sample 92	Homo sapiens	skin	not applicable	not applicable	adult	none	not available	not available	not available	2	tissue	run 92	proteomic profiling by mass spectrometry	S92_Skin_2.raw	ftp://ftp.pride.ebi.ac.uk/pride/data/archive/2020/10/PXD020192/S92_Skin_2.raw	1	1	AC=MS:1002038;NT=label free sample	NT=Trypsin; AC=MS:1001251	NT=Q Exactive HF-X;AC=MS:1002877	NT=Carbamidomethyl;TA=C;MT=fixed;AC=UNIMOD:4	NT=Oxidation;MT=variable;TA=M;AC=UNIMOD:35	AC=MS:1000422;NT=HCD	7 ppm	0.02 Da	Skin